puts RUBY_VERSION

MAP = {1 [0, 1, 2, 3, 4, 5, 6, 7, 8],
                    2 [9, 10, 11, 12, 13, 14, 15, 16, 17],
                    3 [18, 19, 20, 21, 22, 23, 24, 25, 26],
                    4 [27, 28, 29, 30, 31, 32, 33, 34, 35],
                    5 [36, 37, 38, 39, 40, 41, 42, 43, 44],
                    6 [45, 46, 47, 48, 49, 50, 51, 52, 53],
                    7 [54, 55, 56, 57, 58, 59, 60, 61, 62],
                    8 [63, 64, 65, 66, 67, 68, 69, 70, 71],
                    9 [72, 73, 74, 75, 76, 77, 78, 79, 80],
                    10 [0, 9, 18, 27, 36, 45, 54, 63, 72],
                    11 [1, 10, 19, 28, 37, 46, 55, 64, 73],
                    12 [2, 11, 20, 29, 38, 47, 56, 65, 74],
                    13 [3, 12, 21, 30, 39, 48, 57, 66, 75],
                    14 [4, 13, 22, 31, 40, 49, 58, 67, 76],
                    15 [5, 14, 23, 32, 41, 50, 59, 68, 77],
                    16 [6, 15, 24, 33, 42, 51, 60, 69, 78],
                    17 [7, 16, 25, 34, 43, 52, 61, 70, 79],
                    18 [8, 17, 26, 35, 44, 53, 62, 71, 80],
                    19 [0, 9, 18, 1, 2, 10, 11, 19, 20],
                    20 [3, 12, 21, 4, 5, 13, 14, 22, 23],
                    21 [6, 15, 24, 7, 8, 16, 17, 25, 26],
                    22 [27, 36, 45, 28, 29, 37, 38, 46, 47],
                    23 [30, 39, 48, 31, 32, 40, 41, 49, 50],
                    24 [33, 42, 51, 34, 35, 43, 44, 52, 53],
                    25 [54, 63, 72, 55, 56, 64, 65, 73, 74],
                    26 [57, 66, 75, 58, 59, 67, 68, 76, 77],
                    27 [60, 69, 78, 61, 62, 70, 71, 79, 80]}



REV_MAP = {}
(0..80).each { |key| MAP.each_value {|arr| REV_MAP[key] ? REV_MAP[key] << arr.find(key) : [] }
